1 22
2 13112221133211322112211213322112
3 312211322212221121123222112
4 111312211312113221133211322112211213322112
5 1321132122211322212221121123222112
6 3113112211322112211213322112
7 111312212221121123222112
8 132112211213322112
9 31121123222112
10 111213322112
11 123222112
12 3113322112
13 1113222112
14 1322112
15 311311222112
16 1113122112
17 132112
18 3112
19 1112
20 12
21 3113112221133112
22 11131221131112
23 13211312
24 31132
25 111311222112
26 13122112
27 32112
28 11133112
29 131112
30 312
31 13221133122211332
32 31131122211311122113222
33 11131221131211322113322112
34 13211321222113222112
35 3113112211322112
36 11131221222112
37 1321122112
38 3112112
39 1112133
40 12322211331222113112211
41 11131221133221131112211312221
42 13211322211312113211
43 311322113212221
44 132211331222113112211
45 311311222113111221131221
46 111312211312113211
47 132113212221
48 3113112211
49 11131221
50 13211
51 3112221
52 1322113312211
53 311311222113111221
54 11131221131211
55 13211321
56 311311
57 11131
58 1321133112
59 31131112
60 111312
61 132
62 311332
63 1113222
64 13221133112
65 3113112221131112
66 111312211312
67 1321132
68 311311222
69 11131221133112
70 1321131112
71 311312
72 11132
73 13112221133211322112211213322113
74 312211322212221121123222113
75 111312211312113221133211322112211213322113
76 1321132122211322212221121123222113
77 3113112211322112211213322113
78 111312212221121123222113
79 132112211213322113
80 31121123222113
81 111213322113
82 123222113
83 3113322113
84 1113222113
85 1322113
86 311311222113
87 1113122113
88 132113
89 3113
90 1113
91 13
92 3







